<?xml version="1.0" standalone="no"?>
<!DOCTYPE svg PUBLIC "-//W3C//DTD SVG 20010904//EN"
 "http://www.w3.org/TR/2001/REC-SVG-20010904/DTD/svg10.dtd">
<svg version="1.0" xmlns="http://www.w3.org/2000/svg"
 width="559.000000pt" height="808.000000pt" viewBox="0 0 559.000000 808.000000"
 preserveAspectRatio="xMidYMid meet">
<metadata>
Created by potrace 1.16, written by Peter Selinger 2001-2019
</metadata>
<g transform="translate(0.000000,808.000000) scale(0.100000,-0.100000)"
fill="#000000" stroke="none">
<path d="M3880 8016 c-139 -39 -230 -130 -230 -230 0 -116 135 -222 308 -243
l52 -6 0 -231 0 -231 -77 -77 -77 -78 34 -35 c21 -21 30 -38 24 -44 -5 -4
-189 -140 -409 -300 -315 -230 -404 -291 -420 -286 -141 47 -240 56 -338 30
-145 -38 -247 -132 -247 -230 0 -99 101 -195 240 -231 36 -9 66 -17 68 -19 1
-1 -25 -129 -58 -284 -33 -155 -60 -284 -60 -288 0 -4 -5 -2 -12 5 -10 10 -29
-4 -90 -65 l-78 -77 32 -33 c17 -18 30 -35 27 -37 -2 -2 -256 -162 -564 -356
-551 -347 -560 -353 -590 -340 -157 66 -319 64 -453 -4 -83 -42 -142 -123
-142 -194 0 -66 63 -152 143 -193 l27 -15 -292 -306 -293 -307 -55 55 -55 54
-125 -125 -125 -125 123 -122 122 -123 125 125 125 125 -60 60 c-33 33 -60 64
-60 68 0 6 360 386 539 569 l46 47 53 -15 c28 -9 52 -19 52 -22 0 -4 -36 -133
-80 -287 -44 -154 -80 -281 -80 -282 0 0 -8 1 -17 3 -12 3 -42 -20 -93 -71
l-74 -75 61 -62 61 -63 -66 -290 -67 -290 -76 -6 c-314 -26 -450 -274 -231
-419 54 -36 158 -70 213 -70 l39 0 0 -237 0 -238 -120 -120 -120 -120 125
-125 125 -125 120 120 c66 66 120 123 120 127 0 4 -54 60 -120 125 l-120 118
2 235 3 235 60 7 c225 28 354 190 269 335 -34 58 -126 119 -207 135 -32 7 -61
17 -63 23 -2 5 25 134 60 285 45 197 67 274 76 272 14 -3 160 136 160 152 0 6
-25 36 -56 67 l-55 56 84 294 84 294 59 3 60 3 85 -300 86 -300 -59 -58 -58
-57 76 -77 c42 -43 82 -75 89 -73 9 4 18 -20 30 -73 10 -43 39 -170 65 -283
26 -113 46 -206 45 -208 -1 -1 -27 -9 -59 -17 -158 -41 -260 -147 -243 -252 9
-55 52 -118 104 -152 55 -37 159 -71 214 -71 l39 0 0 -283 0 -283 -75 -74 -75
-75 75 -75 75 -75 0 -281 0 -280 -68 -10 c-178 -28 -307 -145 -289 -261 15
-92 96 -167 220 -205 57 -17 86 -20 170 -16 142 7 233 47 301 131 25 31 31 49
34 100 3 55 0 67 -26 108 -50 78 -151 130 -279 146 l-53 6 0 276 0 276 77 77
78 78 -78 78 -77 78 2 279 3 280 60 7 c113 14 200 58 259 131 25 31 31 49 34
100 3 55 0 67 -26 108 -55 85 -160 135 -304 146 l-77 6 -25 106 c-13 58 -43
190 -67 294 l-43 187 62 63 62 63 -78 77 c-60 60 -80 75 -90 65 -6 -6 -13 -10
-15 -7 -7 8 -166 574 -162 577 2 2 23 8 46 13 96 22 192 88 224 155 34 72 6
182 -60 231 l-24 18 567 357 567 357 42 -41 c22 -22 45 -38 50 -35 9 6 117
-552 109 -560 -2 -2 -32 -11 -65 -19 -152 -35 -241 -120 -241 -230 0 -25 7
-61 16 -80 21 -43 95 -110 140 -124 19 -6 34 -16 34 -21 0 -5 -95 -137 -212
-294 l-212 -285 -48 47 -48 48 -125 -125 -125 -125 125 -125 125 -125 120 120
c66 66 120 124 120 130 0 5 -30 39 -66 76 -49 49 -64 71 -58 81 5 9 103 141
217 295 l209 280 36 -8 c21 -5 58 -9 85 -9 38 0 47 -3 47 -17 0 -10 11 -121
24 -248 l24 -230 -111 -113 -112 -112 120 -120 c66 -66 124 -120 130 -120 6 0
64 54 130 120 l120 120 -124 124 c-69 69 -128 123 -132 120 -9 -5 -14 31 -34
236 -8 85 -17 174 -20 196 l-6 42 58 8 c32 4 61 8 65 9 8 0 498 -632 498 -642
0 -4 -19 -27 -42 -50 l-42 -43 77 -78 77 -77 0 -276 0 -276 -52 -6 c-129 -16
-230 -68 -280 -146 -26 -41 -29 -53 -26 -108 3 -51 9 -69 34 -100 39 -47 92
-85 158 -109 40 -15 78 -19 171 -19 106 0 127 3 181 26 82 34 130 74 159 133
30 59 31 97 6 151 -39 84 -143 148 -273 169 l-68 10 0 281 0 281 75 74 75 75
-77 77 -77 78 -31 -30 -30 -29 -247 321 -248 320 48 24 c88 44 152 127 152
199 0 125 -175 245 -355 245 l-50 0 -54 291 -54 291 64 64 63 64 -63 64 -63
63 64 294 63 294 82 6 c190 14 325 115 325 244 0 54 -31 114 -79 155 -31 25
-35 33 -23 40 8 5 193 140 410 299 l395 290 38 -37 37 -36 0 -232 0 -231 -52
-6 c-173 -21 -308 -127 -308 -243 0 -78 56 -153 147 -197 26 -13 42 -26 39
-34 -5 -13 -406 -535 -432 -563 -12 -12 -20 -8 -62 33 l-47 47 -125 -125 -125
-125 120 -120 c66 -66 124 -120 130 -120 6 0 64 54 130 120 l120 120 -70 70
c-66 66 -69 71 -56 93 8 12 111 147 229 300 163 210 219 276 231 272 9 -4 42
-9 74 -12 l57 -6 0 -236 0 -236 -122 -122 -123 -123 120 -120 c66 -66 124
-120 130 -120 6 0 64 54 130 120 l120 120 -123 123 -122 122 0 238 0 237 45 2
c25 1 56 2 70 2 21 1 52 -41 235 -313 l211 -314 -48 -49 -48 -49 78 -76 77
-76 0 -277 0 -277 -52 -6 c-180 -22 -308 -120 -308 -238 0 -26 4 -59 9 -72 29
-75 158 -159 267 -173 30 -3 54 -9 54 -13 0 -3 -9 -110 -22 -237 -14 -150 -26
-230 -33 -228 -5 2 -65 -51 -133 -119 l-122 -122 125 -125 125 -125 125 125
125 125 -111 111 -112 112 23 239 c13 131 26 241 29 245 3 3 35 8 71 10 l64 3
178 -310 177 -310 -49 -50 -50 -51 75 -74 75 -74 0 -281 0 -281 -68 -10 c-282
-45 -387 -279 -185 -413 81 -54 168 -74 286 -68 116 5 174 24 245 77 191 145
71 373 -213 406 l-55 7 0 280 0 279 75 77 75 77 -78 77 -77 77 -22 -22 c-13
-12 -24 -20 -27 -17 -9 9 -346 602 -346 609 0 4 17 12 38 18 55 17 125 66 155
110 99 142 -25 309 -255 346 l-68 10 0 281 0 281 75 74 75 75 -77 77 -77 78
-28 -27 c-15 -15 -29 -25 -32 -22 -2 2 -96 143 -209 314 l-206 309 60 32 c77
41 86 50 121 103 88 140 -34 298 -257 334 l-75 12 0 230 0 231 38 36 37 37
392 -297 c216 -163 392 -299 393 -302 0 -3 -14 -14 -31 -24 -17 -10 -44 -39
-60 -64 -95 -149 49 -324 281 -339 61 -5 81 -9 84 -22 3 -9 21 -121 41 -250
l37 -234 -106 -106 -106 -106 125 -125 125 -125 125 125 125 125 -124 124
c-108 107 -127 123 -140 112 -11 -9 -16 -10 -16 -2 0 6 -16 110 -35 232 -19
122 -35 228 -35 236 0 7 9 13 19 13 10 0 48 9 83 20 300 93 283 374 -29 455
-95 25 -241 12 -334 -29 -10 -5 -131 81 -400 285 -211 160 -388 295 -393 300
-6 6 3 22 24 44 l34 35 -77 78 -77 77 0 230 0 230 75 12 c352 57 387 379 50
469 -62 17 -205 17 -265 0z m303 -26 c110 -42 187 -126 187 -204 0 -124 -161
-230 -350 -230 -179 1 -315 74 -350 190 -32 106 59 213 221 259 76 21 216 14
292 -15z m-93 -1005 l64 -65 -64 -65 c-35 -36 -69 -65 -75 -65 -6 0 -40 29
-75 65 l-64 65 64 65 c35 36 69 65 75 65 6 0 40 -29 75 -65z m-1140 -706 c195
-31 311 -162 257 -292 -8 -18 -33 -49 -56 -70 -201 -182 -631 -88 -631 137 0
80 51 145 150 190 89 41 177 52 280 35z m1225 -19 c114 -39 195 -124 195 -206
0 -114 -145 -219 -320 -231 -290 -21 -489 195 -328 357 101 100 290 134 453
80z m1025 19 c182 -29 304 -151 269 -268 -51 -170 -347 -247 -554 -144 -89 44
-145 116 -145 184 0 44 35 113 73 145 59 50 171 89 267 93 14 0 54 -4 90 -10z
m-2463 -1256 l-67 -68 -70 70 -70 69 67 68 68 68 70 -70 70 -70 -68 -67z
m1976 5 l-67 -68 -65 63 c-36 34 -68 63 -70 65 -3 1 26 34 64 72 l69 70 68
-67 68 -67 -67 -68z m-3363 -689 c179 -62 242 -206 141 -321 -110 -124 -341
-154 -518 -67 -144 70 -179 199 -82 304 95 103 299 140 459 84z m1570 20 c116
-18 218 -79 257 -153 23 -44 19 -110 -11 -159 -98 -169 -444 -197 -607 -50
-166 150 -13 359 271 372 14 0 54 -4 90 -10z m1800 0 c181 -29 299 -145 269
-265 -31 -120 -201 -205 -384 -191 -326 25 -429 303 -157 424 88 39 171 49
272 32z m-3670 -1184 c0 -6 -29 -40 -65 -75 l-65 -65 -67 68 -68 67 70 70 69
70 63 -62 c35 -34 63 -67 63 -73z m473 -67 l-67 -68 -68 67 -68 67 67 68 67
68 68 -67 68 -67 -67 -68z m2107 -3 l-70 -70 -67 68 -68 67 70 70 69 70 68
-67 68 -68 -70 -70z m1613 3 l-67 -68 -68 67 -68 67 67 68 67 68 68 -67 68
-67 -67 -68z m-4374 -689 c112 -39 179 -107 188 -192 19 -164 -241 -292 -472
-232 -213 56 -293 211 -174 340 95 102 299 140 458 84z m879 21 c315 -51 369
-327 86 -433 -84 -30 -254 -30 -334 1 -104 41 -157 93 -181 176 -30 103 98
227 262 255 75 12 95 12 167 1z m-11 -1257 l-67 -68 -70 70 -70 69 67 68 68
68 70 -70 70 -70 -68 -67z"/>
<path d="M3984 7846 c-10 -27 1 -61 20 -64 19 -4 19 -3 2 13 -11 12 -15 26
-12 41 7 26 -1 33 -10 10z"/>
<path d="M4030 7840 c13 -24 -4 -90 -22 -90 -6 0 -8 -3 -5 -7 13 -12 47 30 47
58 0 34 -9 59 -21 59 -6 0 -5 -9 1 -20z"/>
<path d="M2852 6107 c-12 -13 -22 -35 -22 -49 0 -28 23 -58 43 -58 7 0 4 5 -6
11 -23 13 -20 72 5 99 11 11 15 20 10 20 -5 0 -18 -10 -30 -23z"/>
<path d="M2878 6073 c6 -2 12 -19 13 -36 0 -30 1 -31 11 -10 13 28 4 53 -19
52 -11 0 -13 -3 -5 -6z"/>
<path d="M4025 6120 c-5 -8 -8 -27 -6 -42 2 -22 -2 -27 -26 -31 l-28 -4 28 -2
c17 0 27 -7 27 -16 0 -8 5 -15 10 -15 6 0 10 7 10 15 0 8 6 15 13 15 9 0 9 2
0 8 -6 4 -13 25 -15 47 -2 30 -5 36 -13 25z"/>
<path d="M3989 6073 c-13 -16 -12 -17 4 -4 16 13 21 21 13 21 -2 0 -10 -8 -17
-17z"/>
<path d="M5121 6130 c-8 -20 -4 -130 4 -130 6 0 9 20 7 48 -3 52 -8 90 -11 82z"/>
<path d="M1159 4193 c-11 -15 -11 -16 0 -6 7 6 20 9 27 6 22 -8 16 -47 -11
-73 -34 -32 -32 -40 10 -40 19 0 35 5 35 10 0 6 -12 10 -26 10 l-26 0 26 31
c29 34 32 49 14 67 -17 17 -33 15 -49 -5z"/>
<path d="M2813 4194 c-3 -9 -1 -25 5 -35 7 -11 8 -20 2 -24 -6 -3 -10 -15 -10
-25 0 -25 38 -36 58 -17 14 14 13 18 -2 41 -9 15 -12 26 -6 26 17 0 7 43 -10
47 -12 4 -13 3 -1 -5 17 -12 7 -46 -12 -39 -6 2 -12 14 -11 26 1 25 -4 27 -13
5z m47 -85 c0 -20 -24 -26 -35 -9 -4 6 -4 17 -1 25 7 20 36 7 36 -16z"/>
<path d="M4620 4189 c-7 -11 -10 -21 -8 -22 34 -17 43 -28 43 -51 -1 -31 1
-32 15 -6 13 24 -3 60 -25 60 -8 0 -15 5 -15 10 0 6 9 10 20 10 11 0 20 5 20
10 0 19 -39 10 -50 -11z"/>
<path d="M4605 4090 c3 -5 14 -10 23 -10 15 0 15 2 2 10 -20 13 -33 13 -25 0z"/>
<path d="M705 2282 c-15 -11 -13 -122 3 -122 8 0 12 20 12 65 0 36 -1 65 -2
65 -2 0 -7 -4 -13 -8z"/>
<path d="M1635 2280 c-4 -6 6 -10 24 -10 l30 0 -14 -41 c-8 -23 -15 -49 -14
-58 1 -19 37 77 38 102 1 12 -7 17 -28 17 -17 0 -33 -4 -36 -10z"/>
</g>
</svg>
